[HeaderImage01.jpg]
filters=Holga=1,100.000000,100.000000,80.701759;
moddate=4116ea0da426d201
width=1056
height=613
textactive=0
